lukeColours <-c("#FF8200", "#00B5E2", "#78BE20", "#7F3F98", "#E13C98", "#0033A0", "#54585A")
lukeColours.primary <- lukeColours
lukeColours.dark <- c("#B35C00", "#007B9A", "#528316", "#7F3F98", "#CC0082", "#0033A0", "#000000")
lukeColours.light <- c("#FFE5CC", "#CCF0FA", "#E3F2D1", "#E5D9EB", "#FFCCEB", "#FFCCEB", "#DEDEDE")
